Alice_Blue = [240 248 255];
Antique_White = [250 235 215];
Aqua = [0 255 255];
Aquamarine = [127 255 212];
Azure = [240 255 255];
Beige = [245 245 220];
Bisque = [255 228 196];
Black = [0 0 0];
Blanched_Almond = [255 235 205];
Blue = [0 0 255];
Blue_Violet =  [138 43 226];
Brown = [165 42 42];
Burlywood = [222 184 135];
Cadet_Blue = [95 158 160];
Chartreuse = [127 255 0];
Chocolate = [210 105 30];
Coral = [255 127 80];
Cornflower_Blue = [100 149 237];
Cornsilk = [255 248 220];
Cyan = [0 255 255];
Dark_Blue = [0 0 139];
Dark_Cyan = [0 139 139];
Dark_Goldenrod = [184 134 11];
Dark_Gray = [169 169 169];
Dark_Green = [0 100 0];
Dark_Khaki = [189 183 107];
Dark_Magenta = [139 0 139];
Dark_Olive_Green = [85 107 47];
Dark_Orange = [255 140 0];
Dark_Orchid = [153 50 204];
Dark_Red = [139 0 0];
Dark_Salmon = [233 150 122];
Dark_Sea_Green = [143 188 143];
Dark_Slate_Blue = [72 61 139];
Dark_Slate_Gray = [47 79 79];
Dark_Turquoise = [0 206 209];
Dark_Violet = [148 0 211];
Deep_Pink = [255 20 147];
Deep_Sky_Blue = [0 191 255];
Dim_Gray = [105 105 105];
Dodger_Blue = [30 144 255];
Firebrick = [178 34 34];
Floral_White = [255 250 240];
Forest_Green = [34 139 34];
Fuschia = [255 0 255];
Gainsboro = [220 220 220];
Ghost_White = [255 250 250];
Gold = [255 215 0];
Goldenrod = [218 165 32];
Gray = [128 128 128];
Green = [0 128 0];
Green_Yellow = [173 255 47];
Honeydew = [240 255 240];
Hot_Pink = [255 105 180];
Indian_Red = [205 92 92];
Ivory = [255 255 240];
Khaki = [240 230 140];
Lavender = [230 230 250];
Lavender_Blush = [255 240 245];
Lawn_Green = [124 252 0];
Lemon_Chiffon = [255 250 205];
Light_Blue = [173 216 230];
Light_Coral = [240 128 128];
Light_Cyan = [224 255 255];
Light_Goldenrod = [238 221 130];
Light_Goldenrod_Yellow = [250 250 210];
Light_Gray = [211 211 211];
Light_Green = [144 238 144];
Light_Pink = [255 182 193];
Light_Salmon = [255 160 122];
Light_Sea_Green = [32 178 170];
Light_Sky_Blue = [135 206 250];
Light_Slate_Blue = [132 112 255];
Light_Slate_Gray = [119 136 153];
Light_Steel_Blue = [176 196 222];
Light_Yellow = [255 255 224];
Lime = [0 255 0];
Lime_Green = [50 205 50];
Linen = [250 240 230];
Magenta = [255 0 255];
Maroon = [128 0 0];
Medium_Aquamarine = [102 205 170];
Medium_Blue = [0 0 205];
Medium_Orchid = [186 85 211];
Medium_Purple = [147 112 219];
Medium_Sea_Green = [60 179 113];
Medium_Slate_Blue = [123 104 238];
Medium_Spring_Green = [0 250 154];
Medium_Turquoise = [72 209 204];
Medium_Violet_Red = [199 21 133];
Midnight_Blue = [25 25 112];
Mint_Cream = [245 255 250];
Misty_Rose = [255 228 225];
Moccasin = [255 228 181];
Navajo_White = [255 222 173];
Navy = [0 0 128];
Old_Lace = [253 245 230];
Olive = [128 128 0];
Olive_Drab = [107 142 35];
Orange = [255 165 0];
Orange_Red =[255 69 0];
Orchid = [218 112 214];
Pale_Goldenrod = [238 232 170];
Pale_Green = [152 251 152];
Pale_Turquoise = [175 238 238];
Pale_Violet_Red = [219 112 147];
Papaya_Whip = [255 239 213];
Peach_Puff = [255 218 185];
Peru = [205 133 63];
Pink = [255 192 203];
Plum = [221 160 221];
Powder_Blue = [176 224 230];
Purple = [128 0 128];
Red = [255 0 0];
Rosy_Brown = [188 143 143];
Royal_Blue = [65 105 225];
Saddle_Brown = [139 69 19];
Salmon = [250 128 114];
Sandy_Brown = [244 164 96];
Sea_Green = [46 139 87];
Seashell = [255 245 238];
Sienna = [160 82 45];
Silver = [192 192 192];
Sky_Blue = [135 206 235];
Slate_Blue = [106 90 205];
Slate_Gray = [112 128 144];
Snow = [255 250 250];
Spring_Green = [0 255 127];
Steel_Blue = [70 130 180];
Tan = [210 180 140];
Teal = [0 128 128];
Thistle = [216 191 216];
Tomato = [255 99 71];
Turquoise = [64 224 208];
Violet = [238 130 238];
Violet_Red = [208 32 144];
Wheat = [245 222 179];
White = [255 255 255];
White_Smoke = [245 245 245];
Yellow = [255 255 0];
Yellow_Green = [154 205 50];
